#snr  sigma
      72.2973      2.21116
      4.82778      6.62967
      7.73158      12.6714
      18.5384      2.83708
      37.0631      2.53901
      6.17818      10.2432
      4.76817      26.9548
      128.717      2.23281
      4.12056      7.91667
      5.86651      26.5274
      40.5723      2.51375
      16.7548      4.75955
      18.1775      3.51229
      84.1736      2.27879
      33.2933      2.51872
      60.8379      2.29480
      5.65398      9.25109
      14.2031      3.87562
      12.0708      23.4614
      26.7150      2.63393
      2.31125      10.9486
      23.4027      2.58612
      35.3993      2.39619
      12.3990      3.53710
      8.64046      8.29814
      6.75939      11.3136
      6.48952      6.14038
      45.9501      2.32134
      36.6057      2.29551
      5.89656      17.0666
      53.0769      2.34980
      12.4605      3.69365
      77.2002      2.28680
      72.0382      2.29913
      28.1662      2.56455
      6.34238      25.1949
      4.39823      4.97074
      3.42462      7.45341
      6.01979      2.99275
      8.57510      3.54128
      22.6511      2.45934
      10.9623      3.75817
      10.6396      2.66321
      25.1721      2.51186
      14.1592      2.72041
      3.29766      6.21631
      3.96556      3.58572
      11.9935      3.25898
      43.3352      2.21664
      17.2404      2.55895
      11.9692      2.76345
      5.90066      5.97153
      21.9277      7.87818
      7.71362      2.95085
      4.71520      4.55569
      2.52439      7.95148
      42.2184      2.26445
      43.2157      2.24285
      11.7534      5.06449
      59.5199      2.22053
      11.3970      2.63984
      27.9728      2.23977
      167.034      2.20092
      7.70319      2.97092
      17.8835      2.48632
      6.35968      5.37337
      4.36705      6.25950
      37.9399      2.22936
      23.3347      2.30640
      10.3860      13.0504
      46.0080      2.25634
      10.6893      3.51513
      6.11774      7.24374
      6.71470      3.85430
      92.4889      2.21006
      16.4298      2.27041
      40.8270      2.25796
      8.25356      3.14183
      34.2244      2.35408
      12.3824      8.03867
      91.6655      2.20413
      75.5275      2.20465
      17.2068      2.54857
      10.0997      3.13254
      15.3499      2.75994
      21.0643      2.32160
      17.8302      2.47081
      33.7637      2.26225
      7.81655      5.31526
      31.1267      2.69458
      13.3449      2.95330
      10.8324      7.90935
      12.8063      6.04297
      26.3463      2.31554
      148.530      2.20175
      20.5101      2.32784
      20.1144      2.47059
      26.3781      2.41944
      102.383      2.33800
      4.91407      0.00000
      22.3705      2.56119
      12.7414      9.24496
      8.20819      3.24231
      29.1920      2.27594
      52.1112      2.22017
      91.3618      2.20961
      40.2856      2.26961
      14.5550      2.42236
      18.7505      2.40065
      16.1270      5.65497
      52.5791      2.21048
      2.80660      5.09372
      64.6700      2.20689
      31.0063      2.35195
      43.8223      2.26376
      72.1435      2.21719
      10.2503      2.52528
      57.8541      2.22396
      6.34433      4.58604
      3.61478      5.31951
      30.4625      2.30771
      39.5909      2.21454
      7.33264      2.82059
      21.9808      2.31091
      23.2778      2.27219
      7.80857      2.99824
      3.64613      22.9370
      9.70840      7.55875
      76.7030      2.20663
      17.2915      2.62542
      62.4771      2.22187
      4.86976      18.3196
      8.45060      3.09041
      61.9126      2.23582
      18.6541      2.38539
      10.2021      3.17305
      35.3119      2.36677
      80.5193      2.21509
      12.3792      2.73899
      5.63206      4.49389
      26.5594      3.25952
      29.2962      2.33480
      102.257      2.20509
      2.95802      10.5491
      46.4673      2.46304
      2.79718      5.73679
      186.899      2.20434
      149.926      2.20652
      7.67924      5.78052
      19.2781      2.34848
      10.1634      2.69480
      9.49913      5.01021
      19.0664      2.43188
      53.7873      2.21731
      14.4668      2.41821
      31.4473      2.27985
      32.2176      2.26879
      131.265      2.20344
      11.2749      7.68677
      8.78498      4.17410
      4.58861      5.58273
      9.82872      2.55182
      24.2546      2.26977
      38.4909      2.41061
      18.5499      2.63609
      15.4581      2.41215
      7.02005      13.8343
      46.0334      2.25861
      130.803      2.20275
      39.1732      2.38226
      8.53866      8.19199
      248.262      2.20125
      30.9509      2.47727
      13.8237      2.58864
      18.7560      3.25077
      11.3966      3.50561
      4.35608      4.54430
      27.7256      2.27030
      10.8680      2.69436
      69.6459      2.22619
      14.9566      2.74407
      51.0863      2.34827
      14.4504      2.52672
      12.2176      2.92910
      7.38625      7.61393
      65.9726      2.20672
      12.2935      5.19311
      24.9743      2.27989
      8.35339      10.2307
      44.7362      2.21062
      16.4176      2.22600
      3.34264      34.7444
      19.6678      2.41090
      5.12887      8.97889
      15.8291      2.43884
      11.0000      2.98654
      7.35996      9.77687
      25.7633      2.57183
      28.6813      2.47568
      18.7746      2.89225
      106.248      2.20364
      3.69776      5.38784
      55.6542      2.24366
      43.8708      2.22122
      29.6147      2.27912
      68.5653      2.22410
      20.2552      4.19180
      11.0980      2.77509
      6.33286      8.87946
      4.03441      13.8163
      7.99289      3.17402
      21.2085      2.33949
      3.60828      11.4289
      116.028      2.20503
      8.21606      4.33074
      6.72290      5.18603
      24.9874      2.26929
      148.898      2.20250
      54.2480      2.23046
      5.27200      4.75466
      24.4477      2.30062
      15.5056      16.6873
      5.07833      30.3636
      14.0996      2.67276
      5.25263      5.88063
      3.43942      21.6649
      2.43717      26.9429
      54.2960      2.21812
      26.8983      2.28480
      5.47864      28.5971
      5.99004      3.25305
      11.5949      3.04072
      7.97404      5.19983
      34.0959      2.25111
      123.558      2.20373
      30.5439      2.27931
      6.26756      20.5169
      5.73064      28.9499
      3.85778      26.2799
      4.57830      23.4913
      2.50625      7.95411
      4.34967      7.01633
      29.9191      2.25034
      81.3643      2.20373
      6.57431      3.60700
      18.2549      3.16465
      4.02423      5.72920
      78.7388      2.20608
      13.2128      2.60963
      31.9781      2.36068
      9.09522      3.11986
      57.9804      2.21312
      23.1428      2.29178
      48.6391      2.22780
      4.38349      5.32635
      11.8209      3.26249
      16.4960      10.6065
      9.95187      2.92727
      14.1135      2.56607
      29.7805      2.23845
      12.9714      2.73525
      5.64462      26.2405
      32.5106      2.73847
      7.66672      17.3422
      4.81640      3.46082
      39.3290      2.27181
      7.03302      3.22654
      7.58290      23.7800
      8.12508      3.21736
      21.2150      2.38040
      50.3543      2.21760
      96.9261      2.20600
      10.8112      2.51023
      3.81870      9.25395
      10.2251      2.60049
      8.19940      4.10275
      3.97428      4.00003
      3.05084      5.17841
      42.3713      2.22786
      38.6761      2.23324
      100.371      2.20417
      7.57132      3.13621
      18.4589      2.37351
      53.3285      2.21756
      8.71388      5.95817
      85.3904      2.20784
      21.0326      2.32017
      11.5137      21.9335
      25.1971      2.27660
      3.72923      42.7707
      4.41282      17.4714
      8.21171      3.50547
      7.69619      5.31541
      12.0275      2.81041
      4.18034      5.98601
      39.9653      2.25230
      6.85644      8.63530
      10.2014      3.12346
      53.1833      2.20629
      12.0656      2.91224
      9.69815      2.73266
      70.0043      2.20524
      4.84630      5.87239
      36.9982      2.25349
      5.76943      3.44979
      23.4793      2.41947
      4.71860      5.20117
      117.543      2.20139
      5.39419      3.59866
      149.726      2.22522
      4.35858      5.99179
      10.3121      2.89605
      10.8606      2.76848
      12.2436      3.06454
      11.0227      3.83249
      5.43449      12.9152
      17.7366      4.72196
      8.96288      3.45251
      9.52128      5.79927
      8.57754      3.53173
      4.72886      5.10650
      3.75825      9.23864
      37.2640      2.22228
      3.41364      14.7471
      3.96221      16.9077
      5.29244      5.73452
      5.74335      5.39162
      38.8732      2.22805
      8.96864      4.40199
      5.74264      3.53854
      15.8122      2.50884
      18.8104      2.32902
      24.9853      2.30481
      6.33259      4.18993
      24.5516      2.58570
      18.2905      2.24178
      10.1685      5.27368
      24.0381      127.182
      12.4181      3.88566
      23.2878      2.31778
      5.42686      6.51604
      48.0113      2.23561
      4.48420      15.7679
      27.0389      2.29398
      3.97275      5.03998
      69.1849      2.20630
      8.59661      17.5040
      27.9184      2.29284
      7.31240      3.66473
      22.8888      2.42739
      40.0403      2.78473
      20.0384      2.39406
      8.56903      3.70242
      7.09953      3.75959
      7.91798      3.11316
      7.28492      4.41589
      13.2959      2.62085
      35.7754      3.78287
      5.20678      3.96742
      78.0786      2.20774
      8.54029      3.62689
      6.23113      3.92958
      52.3938      2.21705
      6.11476      4.82250
      6.27010      4.92764
      7.64117      17.0473
      10.2682      3.18201
      14.1123      2.54939
      4.34125      5.73339
      10.1533      2.60225
      190.098      2.20170
      13.4010      2.59376
      10.0370      4.05541
      18.0716      2.39412
      9.15303      5.46384
      13.5164      2.65140
      4.83240      4.15639
      7.80656      3.41836
      16.7481      2.58333
      37.8276      2.27200
      2.60135      7.53755
      29.1407      8.85991
      85.2032      6.56678
      25.7084      2.26522
      21.5008      2.42259
      4.95169      3.86879
      11.5506      2.98431
      3.68803      4.29296
      23.8033      2.29957
      25.4822      2.22214
      20.5318      2.43699
      12.0921      3.66494
      5.35717      8.09674
      10.0261      3.34029
      35.9616      2.29285
      49.1510      2.23945
      13.0581      2.65753
      12.7237      3.28908
      3.56198      5.09642
      35.5923      2.22931
      17.8258      2.56609
      4.52530      4.95187
      17.9005      2.44070
      14.8210      23.6786
      5.16953      5.37599
      13.8363      2.87957
      32.2316      2.26813
      3.96339      14.7385
      7.19177      6.59814
      11.8770      3.78164
      18.0117      2.33473
      15.7203      30.3562
      38.5191      2.31388
      17.7958      2.46826
      26.8225      2.27412
      31.8459      2.31513
      91.7340      2.20873
      11.7689      2.84493
      6.83822      3.64149
      22.7511      2.52404
      101.594      2.26328
      12.3230      3.32607
      10.3772      3.46526
      3.12516      6.32471
      49.7609      2.26201
      5.17465      13.7933
      7.47234      5.16582
      11.9887      3.34857
      54.7997      2.23571
      15.4187      2.94049
      11.2767      3.61118
      5.13968      5.88659
      6.86739      7.02682
      2.74434      6.90985
      144.836      2.20284
      4.58516      11.4072
      6.72965      4.59586
      4.99791      6.40830
      24.2758      2.98708
      47.2735      2.21596
      3.27611      19.8475
      11.7711      3.61468
      9.38243      2.95610
      7.20306      8.95894
      15.6471      3.93021
      9.90432      4.38838
      7.20126      7.84812
      8.44103      6.58064
      3.23392      10.3936
      7.04674      5.93312
      7.72075      10.8065
      10.7161      2.63792
      7.65659      4.72447
      19.7052      2.86681
      10.7484      3.20367
      14.7228      2.77823
      5.37142      6.75834
      33.6201      5.29186
      35.7106      2.31056
      6.51232      18.5392
      6.59269      4.08532
      6.46678      4.30952
      7.60412      4.39115
      3.08606      9.69877
      6.01320      3.51468
      6.63237      27.6952
      6.19061      4.20152
      29.1187      2.27962
      20.3622      2.33573
      5.32292      6.38119
      6.81798      7.47099
      8.09972      3.67170
      53.3210      2.56657
      68.1852      2.25808
      105.281      2.20416
      27.2126      2.34234
      23.0362      2.83385
      159.369      2.20443
      4.14610      4.48448
      2.97537      17.9592
      7.47266      4.10234
      3.13705      15.7392
      3.72036      7.05076
      5.93501      4.44128
      55.3917      2.34605
      65.5293      2.21804
      3.05347      6.46651
      3.75449      7.34637
      14.8160      2.61657
      103.740      2.20786
      291.305      2.20039
      10.3761      4.43451
      49.6288      2.26860
      16.9182      3.04931
      109.728      2.20534
      9.72789      5.55411
      6.78143      4.40814
      4.15045      3.42927
      4.06515      4.65989
      224.505      2.20063
      10.7063      3.49957
      27.2464      2.42831
      16.7842      2.43405
      6.20653      10.7386
      7.68998      2.33309
      3.68076      6.82949
      5.64799      5.00370
      4.43466      6.52437
      14.4688      2.82345
      18.4297      2.47810
      10.0866      3.58471
      14.0931      2.64846
      6.97728      5.13550
      4.78453      8.92622
      3.52420      5.05321
      38.2323      2.29106
      32.3183      2.47666
      112.996      2.20394
      99.8613      2.20623
      4.61297      11.3246
      22.1126      2.30919
      23.3131      3.19898
      15.0346      2.58177
      3.70959      10.3403
      7.03159      8.77991
      8.82466      4.83008
      7.02995      10.0113
      6.24285      15.8719
      19.0937      2.49361
      5.66293      8.45644
      6.62812      9.27182
      2.73066      6.11698
      3.02813      17.9834
      3.22131      30.2398
      4.50142      15.1801
      107.853      2.20668
      10.8651      5.48031
      7.10671      9.79243
      5.94125      5.82857
      22.3763      2.48640
      34.3779      2.34022
      9.04180      8.39556
      32.5195      612.789
      13.7625      2.57390
      23.3322      2.36167
      18.5471      2.61954
      7.16858      23.4329
      7.03101      4.50483
      5.79109      16.8718
      6.09886      11.0856
      13.4565      2.86522
      2.66725      46.8146
      10.8678      2.77370
      10.9620      3.51868
      19.4390      2.47381
      24.2502      2.65744
      60.9372      2.24688
      31.2974      2.45493
      30.7770      2.36385
      20.3502      2.82333
      5.59323      6.67747
      36.1739      2.33431
      16.8470      3.36483
      32.5347      2.28286
      12.4729      3.10790
      27.9100      2.43031
      4.61147      28.4041
      19.5215      2.89866
      10.7741      13.5824
      10.8488      4.02115
      5.60848      12.1683
      2.53696      24.5911
      19.7743      2.70191
      186.766      2.20130
      22.2310      2.31082
      26.8479      2.42933
      13.3041      3.14616
      81.2436      10.0361
      23.1431      2.32996
      12.1611      2.81519
      7.03304      2.76102
      16.8280      2.42170
      20.3047      2.80127
      71.3755      2.23202
      6.40456      4.58319
      14.2460      2.36534
      49.1114      2.24294
      122.585      2.20374
      21.6577      2.35909
      79.2924      2.20512
      10.4737      2.52228
      6.83997      18.5975
      13.9088      2.42886
      34.7868      2.22625
      17.2354      2.55606
      0.00000      10.0360
      7.10737      5.36313
      19.9475      2.30306
      8.73828      2.78870
      5.59026      4.05354
      3.94170      6.52697
      6.60841      4.25269
      12.1718      2.73273
      26.1161      2.26460
      7.51439      3.48467
      7.98717      3.31755
      10.8196      2.56533
      4.86820      6.67020
      17.4715      2.39611
      4.17221      7.63924
      4.18891      4.77266
      39.0930      2.22617
      7.00387      3.22580
      12.3468      2.77884
      3.53593      8.33655
      7.45751      3.66377
      6.02766      4.28010
      40.2989      2.23573
      34.0321      2.25122
      47.7459      2.21820
      11.5037      2.69267
      41.7645      2.23340
      39.8552      2.27305
      5.48798      3.72714
      6.31247      8.24868
      13.7765      2.74564
      8.44695      10.8148
      14.6594      2.43618
      11.8470      2.58098
      7.26774      3.02458
      23.5668      2.26481
      4.07554      9.16813
      25.4502      2.29313
      55.4108      2.21417
      4.97459      4.08758
      4.86192      5.50171
      5.26351      6.54054
      27.3492      2.24582
      8.30914      3.16767
      5.28339      4.61922
      6.81074      3.07367
      14.0165      2.55693
      8.99554      3.95461
      13.7101      2.37381
      28.8580      2.26597
      5.98462      4.39737
      17.0503      2.37355
      5.62516      3.71822
      5.43717      4.14389
      6.12276      3.45717
      27.1563      2.28510
      6.75176      3.13767
      4.50692      10.2338
      5.41904      3.60929
      31.7211      2.24300
      19.1765      2.34587
      4.84152      4.44534
      6.17453      4.35394
      8.58578      3.32433
      19.2162      2.38368
      7.86910      3.64701
      8.45804      3.83827
      4.61390      4.17237
      4.78001      4.58162
      4.71775      3.94747
      11.4759      2.94787
      18.3385      2.35349
      4.51521      16.2377
      39.6017      2.24989
      19.8234      2.38628
      7.56877      3.79704
      5.71440      3.67405
      20.1953      2.34863
      9.96652      3.06356
      4.53066      6.78156
      7.15804      4.26081
      8.02052      6.57455
      38.8136      2.24578
      8.30227      3.65369
      12.2062      2.62390
      12.2100      2.46631
      3.72229      6.13738
      35.4319      2.24192
      4.69177      4.98288
      6.09345      3.52887
      10.0652      2.83490
      44.8986      2.21718
      5.39060      4.72654
      16.8493      2.38031
      28.7088      2.27265
      9.20513      3.02870
      9.42232      3.19440
      21.4754      2.29840
      6.40514      4.57586
      34.5861      2.23600
      6.38297      4.10291
      9.44162      4.57128
      6.71431      3.81172
      8.70229      3.82907
      11.8368      3.04421
      8.16915      3.96634
      12.6622      2.56262
      8.69971      3.12830
      8.79308      3.52812
      7.12027      3.31049
      9.92459      2.72460
      4.73168      5.14263
      32.3708      2.25143
      6.14006      3.96323
      3.96696      6.66132
      13.6424      2.64835
      7.78485      4.95632
      14.5640      2.99609
      21.1585      2.48207
      50.7445      2.26928
      18.5809      2.74031
      16.2688      2.25532
      5.61606      3.51077
      5.01662      4.21714
      8.36898      3.22719
      5.16857      5.25244
      15.9888      2.40492
      28.0790      2.25890
      20.2901      2.33694
      15.8609      2.44087
      4.74087      3.69611
      113.688      2.20254
      3.95477      5.64679
      5.03982      4.61575
      15.3255      2.65310
      21.6298      2.43512
      3.51604      7.90344
      4.08322      4.07477
      13.0913      2.93608
      20.9157      2.34036
      18.1047      2.88272
      5.79850      4.63040
      8.16234      3.58196
      8.95240      2.83532
      4.72566      4.66329
      36.9561      2.23426
      4.81960      9.02867
      6.26789      3.17032
      9.21328      2.73210
      4.24345      4.98237
      5.84028      4.44204
      35.2259      2.25862
      18.4085      2.24283
      3.68772      6.66616
      6.32351      3.22536
      36.3911      2.22385
      12.8767      2.76198
      4.64946      4.40140
      36.8854      2.22859
      4.93147      6.26838
      4.29450      5.04675
      44.6542      2.22716
      5.19225      4.50824
      15.7138      2.37558
      6.07639      3.96442
      21.3915      2.35809
      6.87473      3.95208
      6.93323      3.82854
      6.88247      4.56677
      5.19552      6.43126
      6.33990      9.26544
      12.1004      2.79044
      8.26119      3.33652
      11.8223      3.10162
      4.85966      4.00486
      4.44255      4.21610
      6.26394      5.14834
      6.17585      3.50481
      4.77704      4.99478
      5.18026      5.70258
      5.42510      4.40587
      33.8322      2.25472
      5.14933      3.83872
      5.03692      3.87314
      8.26836      2.69306
      4.05088      4.29129
      10.5792      3.25399
      4.10776      6.36594
      3.82190      6.78938
      12.8613      2.75043
      8.66560      4.17293
      3.99594      13.6460
      11.0521      2.67426
      11.0614      2.75783
      15.6433      2.37249
      5.86603      3.98155
      10.7951      3.03858
      33.4827      2.22959
      8.09818      2.87452
      17.1037      2.35126
      13.8946      2.47550
      6.14847      3.38876
      6.85366      3.05326
      6.39270      3.54975
      22.4137      2.36194
      22.3225      2.33039
      15.6267      2.59222
      3.65889      19.5466
      21.1141      2.35506
      6.85083      3.44754
      41.6530      2.22328
      36.8199      2.41659
      37.7592      2.27169
      7.58875      3.31614
      3.80235      6.98831
      11.7172      2.69658
      6.62192      3.27150
      6.88662      3.64769
      30.1344      2.22884
      13.5497      2.46052
      4.93179      4.16463
      27.6842      2.31581
      6.22850      13.4296
      5.65364      4.24679
      8.91745      2.70732
      4.88392      4.14391
      4.91663      3.70367
      11.1551      2.71117
      8.44801      3.17321
      11.5650      2.84681
      14.1349      2.68701
      14.3172      4.83253
      15.6864      5.64037
      6.89417      3.44190
      21.1457      2.34151
      12.7352      2.65877
      17.6425      2.40088
      7.96259      3.88375
      71.9201      2.20992
      9.77742      3.01502
      26.2373      2.27142
      43.4748      2.22300
      10.4533      2.85355
      10.0700      3.04699
      17.3427      2.39116
      8.31908      3.60480
      16.7200      2.44686
      5.31068      4.98340
      26.4918      2.40899
      9.84058      3.00366
      14.1608      2.56526
      10.1449      3.36770
      3.15159      6.30852
      4.41801      4.59131
      14.8562      2.68427
      13.7269      3.28471
      3.79891      4.15918
      4.32373      6.00106
      4.77012      16.2408
      6.39078      12.4324
      3.75521      22.1507
      4.21962      29.3891
      7.44305      3.94810
      5.23760      7.09955
      6.29357      4.26411
      4.21838      8.19720
      5.79066      4.89856
      6.08176      3.85283
      6.44936      3.15106
      5.96760      6.22678
      5.11286      10.8572
      4.33913      6.59723
      4.04385      5.03005
      4.57326      7.53143
      4.50961      4.78101
      3.22751      7.88033
      3.29333      7.11125
      5.94436      23.2897
      5.54694      5.13765
      3.65611      4.81431
      5.32326      7.21400
      4.94949      8.29971
      4.80395      9.22456
      5.81339      7.28835
      5.19467      5.30388
      5.67716      4.91795
      4.44670      4.91337
      3.28065      5.03476
      5.09047      9.07646
      3.91527      40.9032
      2.84479      5.47391
      5.61295      2.99191
      4.62191      4.67664
      3.72847      5.06149
      3.88449      4.84017
      7.38646      4.95661
      5.68094      5.53672
      9.70881      4.22993
      12.3680      3.00212
      7.96772      3.22539
      6.61528      4.50609
      23.0978      2.39451
      8.20601      2.84919
      53.0020      2.21643
      57.2646      2.21318
      10.8860      2.95260
      10.3897      3.07736
      16.7315      2.43577
      8.13578      3.11407
      17.0310      2.38383
